[{"channel":"I","value": [-3,-7,-8,-7,-6,7,2,-5,-5,-2,-7,-8,-7,-6,7,2,-5,-5,-2,0,-8,-101,-200,-120,-40,40,120,280,459,670,835,900,835,670,450,340,240,34,20,22,20,16,12,9,8,6,34,20,22,20,16,12,9,8,9,10,8,6,-1,2,-3,-7,-8 ,-7,-6,7,2,-1,1,9,9,10,8,6,-1,2,-3,-7,-8,-7,-6,-6,7,2,-1,1,9,-7,-8,-7,-6,7,2,-1,1,-1,2,-3,-7,-8 ,8,6,-7,2,-1,1,9,-101,-200,-120,-40,40,120,280,459,670,835,900,835,670,450,340,240,27,18,14,10,6] },
{"channel":"II","value": [-3,-7,-8,-7,-6,7,2,-5,-5,-2,-7,-8,-7,-6,7,2,-5,-5,-2,0,-8,-101,-200,-120,-40,40,120,280,459,670,835,900,835,670,450,340,240,34,20,22,20,16,12,9,8,6,34,20,22,20,16,12,9,8,9,10,8,6,-1,2,-3,-7,-8 ,-7,-6,7,2,-1,1,9,9,10,8,6,-1,2,-3,-7,-8,-7,-6,-6,7,2,-1,1,9,-7,-8,-7,-6,7,2,-1,1,-1,2,-3,-7,-8 ,8,6,-7,2,-1,1,9,-101,-200,-120,-40,40,120,280,459,670,835,900,835,670,450,340,240,27,18,14,10,6] },
{"channel":"III","value": [-3,-7,-8,-7,-6,7,2,-5,-5,-2,-7,-8,-7,-6,7,2,-5,-5,-2,0,-8,-101,-200,-120,-40,40,120,280,459,670,835,900,835,670,450,340,240,34,20,22,20,16,12,9,8,6,34,20,22,20,16,12,9,8,9,10,8,6,-1,2,-3,-7,-8 ,-7,-6,7,2,-1,1,9,9,10,8,6,-1,2,-3,-7,-8,-7,-6,-6,7,2,-1,1,9,-7,-8,-7,-6,7,2,-1,1,-1,2,-3,-7,-8 ,8,6,-7,2,-1,1,9,-101,-200,-120,-40,40,120,280,459,670,835,900,835,670,450,340,240,27,18,14,10,6] },
{"channel":"aVR","value":[-3,-7,-8,-7,-6,7,2,-5,-5,-2,-7,-8,-7,-6,7,2,-5,-5,-2,0,-8,-101,-200,-120,-40,40,120,280,459,670,835,900,835,670,450,340,240,34,20,22,20,16,12,9,8,6,34,20,22,20,16,12,9,8,9,10,8,6,-1,2,-3,-7,-8 ,-7,-6,7,2,-1,1,9,9,10,8,6,-1,2,-3,-7,-8,-7,-6,-6,7,2,-1,1,9,-7,-8,-7,-6,7,2,-1,1,-1,2,-3,-7,-8 ,8,6,-7,2,-1,1,9,-101,-200,-120,-40,40,120,280,459,670,835,900,835,670,450,340,240,27,18,14,10,6]},
{"channel":"aVL","value": [-3,-7,-8,-7,-6,7,2,-5,-5,-2,-7,-8,-7,-6,7,2,-5,-5,-2,0,-8,-101,-200,-120,-40,40,120,280,459,670,835,900,835,670,450,340,240,34,20,22,20,16,12,9,8,6,34,20,22,20,16,12,9,8,9,10,8,6,-1,2,-3,-7,-8 ,-7,-6,7,2,-1,1,9,9,10,8,6,-1,2,-3,-7,-8,-7,-6,-6,7,2,-1,1,9,-7,-8,-7,-6,7,2,-1,1,-1,2,-3,-7,-8 ,8,6,-7,2,-1,1,9,-101,-200,-120,-40,40,120,280,459,670,835,900,835,670,450,340,240,27,18,14,10,6]},
{"channel":"aVF","value":[-3,-7,-8,-7,-6,7,2,-5,-5,-2,-7,-8,-7,-6,7,2,-5,-5,-2,0,-8,-101,-200,-120,-40,40,120,280,459,670,835,900,835,670,450,340,240,34,20,22,20,16,12,9,8,6,34,20,22,20,16,12,9,8,9,10,8,6,-1,2,-3,-7,-8 ,-7,-6,7,2,-1,1,9,9,10,8,6,-1,2,-3,-7,-8,-7,-6,-6,7,2,-1,1,9,-7,-8,-7,-6,7,2,-1,1,-1,2,-3,-7,-8 ,8,6,-7,2,-1,1,9,-101,-200,-120,-40,40,120,280,459,670,835,900,835,670,450,340,240,27,18,14,10,6]},
{"channel":"V1","value": [-3,-7,-8,-7,-6,7,2,-5,-5,-2,-7,-8,-7,-6,7,2,-5,-5,-2,0,-8,-101,-200,-120,-40,40,120,280,459,670,835,900,835,670,450,340,240,34,20,22,20,16,12,9,8,6,34,20,22,20,16,12,9,8,9,10,8,6,-1,2,-3,-7,-8 ,-7,-6,7,2,-1,1,9,9,10,8,6,-1,2,-3,-7,-8,-7,-6,-6,7,2,-1,1,9,-7,-8,-7,-6,7,2,-1,1,-1,2,-3,-7,-8 ,8,6,-7,2,-1,1,9,-101,-200,-120,-40,40,120,280,459,670,835,900,835,670,450,340,240,27,18,14,10,6]},
{"channel":"V2","value": [-3,-7,-8,-7,-6,7,2,-5,-5,-2,-7,-8,-7,-6,7,2,-5,-5,-2,0,-8,-101,-200,-120,-40,40,120,280,459,670,835,900,835,670,450,340,240,34,20,22,20,16,12,9,8,6,34,20,22,20,16,12,9,8,9,10,8,6,-1,2,-3,-7,-8 ,-7,-6,7,2,-1,1,9,9,10,8,6,-1,2,-3,-7,-8,-7,-6,-6,7,2,-1,1,9,-7,-8,-7,-6,7,2,-1,1,-1,2,-3,-7,-8 ,8,6,-7,2,-1,1,9,-101,-200,-120,-40,40,120,280,459,670,835,900,835,670,450,340,240,27,18,14,10,6]},
{"channel":"V3","value": [-3,-7,-8,-7,-6,7,2,-5,-5,-2,-7,-8,-7,-6,7,2,-5,-5,-2,0,-8,-101,-200,-120,-40,40,120,280,459,670,835,900,835,670,450,340,240,34,20,22,20,16,12,9,8,6,34,20,22,20,16,12,9,8,9,10,8,6,-1,2,-3,-7,-8 ,-7,-6,7,2,-1,1,9,9,10,8,6,-1,2,-3,-7,-8,-7,-6,-6,7,2,-1,1,9,-7,-8,-7,-6,7,2,-1,1,-1,2,-3,-7,-8 ,8,6,-7,2,-1,1,9,-101,-200,-120,-40,40,120,280,459,670,835,900,835,670,450,340,240,27,18,14,10,6]},
{"channel":"V4","value": [-3,-7,-8,-7,-6,7,2,-5,-5,-2,-7,-8,-7,-6,7,2,-5,-5,-2,0,-8,-101,-200,-120,-40,40,120,280,459,670,835,900,835,670,450,340,240,34,20,22,20,16,12,9,8,6,34,20,22,20,16,12,9,8,9,10,8,6,-1,2,-3,-7,-8 ,-7,-6,7,2,-1,1,9,9,10,8,6,-1,2,-3,-7,-8,-7,-6,-6,7,2,-1,1,9,-7,-8,-7,-6,7,2,-1,1,-1,2,-3,-7,-8 ,8,6,-7,2,-1,1,9,-101,-200,-120,-40,40,120,280,459,670,835,900,835,670,450,340,240,27,18,14,10,6]},
{"channel":"V5","value": [-3,-7,-8,-7,-6,7,2,-5,-5,-2,-7,-8,-7,-6,7,2,-5,-5,-2,0,-8,-101,-200,-120,-40,40,120,280,459,670,835,900,835,670,450,340,240,34,20,22,20,16,12,9,8,6,34,20,22,20,16,12,9,8,9,10,8,6,-1,2,-3,-7,-8 ,-7,-6,7,2,-1,1,9,9,10,8,6,-1,2,-3,-7,-8,-7,-6,-6,7,2,-1,1,9,-7,-8,-7,-6,7,2,-1,1,-1,2,-3,-7,-8 ,8,6,-7,2,-1,1,9,-101,-200,-120,-40,40,120,280,459,670,835,900,835,670,450,340,240,27,18,14,10,6]},
{"channel":"V6","value": [-3,-7,-8,-7,-6,7,2,-5,-5,-2,-7,-8,-7,-6,7,2,-5,-5,-2,0,-8,-101,-200,-120,-40,40,120,280,459,670,835,900,835,670,450,340,240,34,20,22,20,16,12,9,8,6,34,20,22,20,16,12,9,8,9,10,8,6,-1,2,-3,-7,-8 ,-7,-6,7,2,-1,1,9,9,10,8,6,-1,2,-3,-7,-8,-7,-6,-6,7,2,-1,1,9,-7,-8,-7,-6,7,2,-1,1,-1,2,-3,-7,-8 ,8,6,-7,2,-1,1,9,-101,-200,-120,-40,40,120,280,459,670,835,900,835,670,450,340,240,27,18,14,10,6]}]
